,Unnamed: 0,target,predicted
0,0,-2236.81,-3407.586339005541
1,1,-2.13,-94.72714216405076
2,2,-1482.57,-693.652078185854
3,3,-53.44,-120.02542561039088
4,4,-1.32,-52.312063030451576
5,5,-2.85,-203.55303504374
6,6,-161.32,-271.6791762288498
7,7,-2.46,-61.55590215671309
8,8,-2.86,-49.40212867669012
9,9,-3.47,-49.91204625987599
10,10,-12.45,-159.91960421712017
11,11,-16.93,-119.51822710626084
12,12,-1011.81,-1707.491871932013
13,13,-43.36,-160.86138270747384
14,14,-8.6,-86.17421454938481
15,15,-13.12,-119.51822710626084
16,16,-1.22,-47.07887375043415
17,17,-5.69,-237.3525683195552
18,18,-3.01,-56.73488720447193
19,19,-1691.56,-2810.8850156207354
20,20,-4.6,-84.22564745919327
21,21,-3.14,-101.79289410155738
22,22,-42.31,-239.08882018476285
23,23,-3.3,-63.73686408233201
24,24,-5.78,-173.1633340845675
25,25,-13.97,-84.12853281922935
26,26,-2.26,-56.73488720447193
27,27,-58.23,-256.76469666944104
28,28,-18.39,-79.66743143341176
29,29,-29.51,-87.02327529256675
30,30,-37.03,-125.02456157316188
31,31,-5.14,-58.80945819219387
32,32,-5.59,-55.93548062662555
33,33,-8.2,-57.42795716071764
34,34,-3.26,-54.89967507804925
35,35,-3.6,-146.7346010955343
36,36,-77.62,-126.40182737628116
37,37,-3.26,-56.25969602932916
38,38,-24.46,-95.3321734489536
39,39,-33.77,-90.5085320901229
40,40,-8.94,-81.24396202360373
41,41,-31.82,-93.03150743594728
42,42,-1.94,-44.98694539166203
43,43,-44.74,-1104.3817582130057
44,44,-2.02,-111.76361756701466
45,45,-19.26,-124.7862244492413
46,46,-25.35,-63.45344731483844
47,47,-7.38,-162.29748064448677
48,48,-4.31,-65.77354411359232
49,49,-27.73,-93.03150743594728
50,50,-4.36,-194.1245428990743
51,51,-40.73,-74.63993252344795
52,52,-16.74,-131.07890000558356
53,53,-13.24,-122.894812120645
54,54,-1.27,-47.07887375043415
55,55,-47.31,-1104.3817582130057
56,56,-0.86,-193.28681600797933
57,57,-91.47,-155.92202735798168
58,58,-3976.99,-3446.5738438847493
59,59,-6.86,-57.65050202999447
60,60,-1.29,-111.76361756701466
61,61,-3.7,-56.25969602932916
62,62,-10.1,-139.7633508080431
63,63,-17.09,-95.3321734489536
64,64,-0.51,-51.495260116420965
65,65,-5.63,-131.56716062777934
66,66,-1.16,-48.82217919602165
67,67,-132.92,-208.6640742219825
68,68,-39.92,-219.35152508772808
69,69,-18.49,-82.93527613024177
70,70,-230.42,-271.6791762288498
71,71,-988.01,-1669.4267988206173
72,72,-3.66,-50.34270398306412
73,73,-1.15,-43.28578344621394
74,74,-0.74,-52.312063030451576
75,75,-17.66,-107.24013181618514
76,76,-2718.25,-2035.8574192002889
77,77,-2128.42,-1463.8075034125195
78,78,-3664.98,-2970.1980057870587
79,79,-0.94,-44.23126887588622
80,80,-1.68,-94.15037492571044
81,81,-23.85,-222.2627682517092
82,82,-2.5,-46.16696618533148
83,83,-3855.6,-3026.955045251212
84,84,-70.85,-98.3685343457384
85,85,-1.11,-42.61241738745144
86,86,-9.45,-139.28663685897877
87,87,-4.78,-131.56716062777934
88,88,-39.09,-130.59153078591658
89,89,-59.89,-133.38373112445092
90,90,-5.13,-64.54271482452056
91,91,-26.77,-200.89087221291837
92,92,-18.67,-63.45344731483844
93,93,-0.81,-50.66524306483468
94,94,-4.01,-50.34270398306412
95,95,-173.76,-132.6741557680997
96,96,-1590.24,-1463.8075034125195
97,97,-7.86,-135.56885762861697
98,98,-98.57,-118.5073378214891
99,99,-6.14,-62.86419904838167
100,100,-8.88,-72.3955649916767
101,101,-6.33,-62.41807407576359
102,102,-10.88,-69.24728319406475
103,103,-35.0,-254.9713522032909
104,104,-3023.27,-2372.8611659672297
105,105,-3.28,-346.9349787227587
106,106,-73.45,-222.2627682517092
107,107,-24.29,-216.96615022243648
108,108,-1.55,-38.13996786062828
109,109,-2.56,-96.09223285933312
110,110,-2.32,-49.05038041561229
111,111,-53.32,-202.5546245811952
112,112,-16.21,-122.894812120645
113,113,-35.91,-116.56904780659336
114,114,-2260.74,-1669.4267988206173
115,115,-3.76,-56.25969602932916
116,116,-1.33,-44.23126887588622
117,117,-4.84,-66.36574730626843
118,118,-15.64,-119.51822710626084
119,119,-13.59,-275.8031579557392
120,120,-6.64,-106.96188272548888
121,121,-1939.15,-1759.3190630595775
122,122,-2505.5,-112.44983569380253
123,123,-18.69,-157.7817454274465
124,124,-35.25,-219.35152508772808
125,125,-21.63,-94.15037492571044
126,126,-10.64,-43.72487139570583
127,127,-2.15,-44.98694539166203
128,128,-5.01,-70.58290891899183
129,129,-3.16,-52.377375798899855
130,130,-8.59,-62.41807407576359
131,131,-14.81,-61.17017251253105
132,132,-17.87,-65.27685129866951
133,133,-11.52,-65.20518388553728
134,134,-0.5,-46.20931009461837
135,135,-13.78,-275.8031579557392
136,136,-2785.54,-1707.491871932013
137,137,-1.21,-70.46444501800018
138,138,-13.61,-186.43676148136728
139,139,-2.28,-146.7346010955343
140,140,-10.36,-60.91750607651366
141,141,-54.98,-1104.3817582130057
142,142,-2289.87,-2035.8574192002889
143,143,-8.99,-50.34455031207448
144,144,-3.22,-67.89490549598611
145,145,-9.82,-110.81826032295974
146,146,-4.62,-50.34455031207448
147,147,-1.77,-56.96339090454886
148,148,-7.84,-50.82410992157986
149,149,-12.9,-71.7050610986417
150,150,-4.16,-139.37752631956306
151,151,-47.2,-116.65698574903628
152,152,-1.67,-111.76361756701466
153,153,-5.88,-66.78002370834544
154,154,-2.7,-61.55590215671309
155,155,-6.67,-70.51598969493845
156,156,-2.51,-53.23320333469232
157,157,-4.87,-46.51477659623691
158,158,-124.31,-143.6681662171211
159,159,-6.74,-58.80945819219387
160,160,-56.1,-149.16501785409477
161,161,-3.56,-49.229213461105815
162,162,-35.93,-91.28011692025127
163,163,-22.3,-78.12033498396447
164,164,-46.59,-145.64450063258076
165,165,-8.08,-70.51598969493845
166,166,-11.12,-1543.4394758447345
167,167,-29.64,-300.1767618101012
168,168,-47.58,-160.86138270747384
169,169,-1.84,-43.28578344621394
170,170,-12.27,-50.82410992157986
171,171,-16.54,-139.28663685897877
172,172,-2.43,-49.05038041561229
0,0,-6.14,-58.75592291910961
1,1,-5.6,-68.05251650956828
2,2,-10.47,-74.27655680240167
3,3,-1.27,-47.27132328415388
4,4,-6.87,-61.8809580840113
5,5,-991.01,-97.05721960986496
6,6,-5.86,-56.0437190824923
7,7,-3664.98,-607.1527715269568
8,8,-17.87,-63.537895499566616
9,9,-1788.7,-1558.8207345623025
10,10,-21.29,-172.11111610075304
11,11,-5.28,-59.306505976868905
12,12,-60.88,-597.8314470606697
13,13,-23.85,-161.9847302443614
14,14,-85.25,-123.35052518905856
15,15,-14.33,-62.481620800154985
16,16,-73.45,-161.9847302443614
17,17,-2420.28,-2650.0823963300213
18,18,-2.76,-57.97320612975861
19,19,-4.29,-85.968015881783
20,20,-0.36,-64.37060787657562
21,21,-203.87,-348.1319767587622
22,22,-31.41,-139.57309480426687
23,23,-38.08,-97.05721960986496
24,24,-4.36,-155.5723796499262
25,25,-19.4,-806.3760744599991
26,26,-2.07,-76.90545527869713
27,27,-0.75,-82.88888467054036
28,28,-13.61,-123.14600068364882
29,29,-2.89,-55.14494836551785
30,30,-98.57,-111.31408902615308
31,31,-95.54,-172.38387139141844
32,32,-7.29,-88.50071036866876
33,33,-29.48,-139.57309480426687
34,34,-8.79,-98.21066998779878
35,35,-240.66,-234.00669134980512
36,36,-1185.05,-258.5090183806944
37,37,-8.97,-118.67401674675762
38,38,-1599.21,-2938.2698961337605
39,39,-1622.5,-1576.8993825209232
40,40,-2228.76,-1980.7384234152476
41,41,-53.44,-117.19803277877112
42,42,-47.31,-140.02332538354096
43,43,-5.13,-65.11870745769629
44,44,-19.2,-134.6356362194686
45,45,-5.13,-112.48139837185572
46,46,-3.26,-53.76542849141669
47,47,-38.66,-114.6025566313082
48,48,-93.27,-172.38387139141844
49,49,-54.03,-201.23737919238235
50,50,-2.51,-60.11700901799588
51,51,-4.03,-59.306505976868905
52,52,-1515.51,-181.94367479476915
53,53,-2719.07,-607.1527715269568
54,54,-55.85,-170.60399272597064
55,55,-16.54,-120.00837907758756
56,56,-8.94,-88.50071036866876
57,57,-12.66,-62.26854444235885
58,58,-2.66,-54.00697517875831
59,59,-4.84,-63.194646388389344
60,60,-17.09,-99.99260449871868
61,61,-26.77,-127.1226971931965
62,62,-12.94,-128.02011091134457
63,63,-3114.61,-2319.3302757733127
64,64,-49.41,-94.23518956575052
65,65,-669.87,-712.2405059346711
66,66,-3.46,-62.21614489778712
67,67,-0.68,-48.06250680742524
68,68,-4.16,-128.03724750384552
69,69,-5.57,-85.968015881783
70,70,-35.1,-670.2097624316041
71,71,-49.64,-113.1069861588161
72,72,-230.42,-239.36028170087965
73,73,-3048.94,-2717.427279611913
74,74,-1.64,-54.34318360405587
75,75,-11.67,-108.63290910118924
76,76,-14.12,-78.15718242625525
77,77,-347.97,-393.6644979946478
78,78,-73.38,-100.85132190924232
79,79,-10.77,-97.49079883053582
80,80,-4.84,-121.17291094549238
81,81,-43.22,-107.02250993006214
82,82,-1.22,-48.26094654409189
83,83,-7.19,-89.2726512658691
84,84,-1542.53,-1721.1804798451772
85,85,-3.59,-75.76340505014912
86,86,-15.72,-89.54515403566725
87,87,-114.34,-272.5471983441804
88,88,-22.8,-95.73348010775756
89,89,-2.98,-155.5723796499262
90,90,-7.86,-121.43209748973362
91,91,-1575.97,-109.84869767700694
92,92,-10.77,-172.11111610075304
93,93,-2448.32,-2364.7666112549628
94,94,-2936.54,-2251.9551888533097
95,95,-0.77,-52.84752065449085
96,96,-1.55,-49.151046670261984
97,97,-53.32,-173.66106968508393
98,98,-10.54,-52.41574359155767
99,99,-27.46,-103.56564414062294
100,100,-3.35,-62.94901305609444
101,101,-5.3,-74.83164121775418
102,102,-41.12,-138.52795396116028
103,103,-1953.6,-1643.8666736149626
104,104,-37.43,-138.39778574624023
105,105,-139.47,-126.24288381486092
106,106,-38.07,-181.9462267217285
107,107,-29.33,-806.3760744599991
108,108,-2718.25,-1980.7384234152476
109,109,-8.82,-98.21066998779878
110,110,-1.8,-108.99394474830886
111,111,-56.24,-100.85132190924232
112,112,-3.97,-107.02250993006214
113,113,-3.47,-55.14494836551785
114,114,-3105.59,-3398.3067313456518
115,115,-82.28,-201.23737919238235
116,116,-5.01,-54.10566354021358
117,117,-3631.26,-3292.786416077155
118,118,-16.21,-110.03023517256509
119,119,-21.52,-87.79835409017312
120,120,-43.36,-168.7422256427446
121,121,-2.5,-54.57998597665101
122,122,-12.45,-116.31539254606
123,123,-4.13,-104.47773607100204
124,124,-7.18,-108.67849489680373
125,125,-6.06,-74.83164121775418
126,126,-2.02,-97.82190562633356
127,127,-17.98,-58.16501326709744
128,128,-0.74,-51.62928535351662
129,129,-35.93,-99.41234953456916
130,130,-1531.16,-164.52794390766678
131,131,-9.74,-110.03023517256509
132,132,-13.59,-142.18680169308
133,133,-0.5,-64.37060787657562
134,134,-1821.88,-1509.004989391619
135,135,-32.54,-170.52927006632729
136,136,-4.28,-86.23395218570995
137,137,-2.2,-61.14159423845145
138,138,-3.3,-54.57998597665101
139,139,-1941.4,-2825.088335918293
140,140,-2.13,-82.28900299568156
141,141,-12.93,-107.29485216301008
142,142,-3.22,-68.05251650956828
143,143,-2.16,-155.5723796499262
144,144,-4.93,-83.56506774267007
145,145,-31.64,-91.03650771520142
146,146,-2.26,-60.093047887600434
147,147,-12.9,-74.00520877839244
148,148,-3.26,-54.00697517875831
149,149,-1.31,-82.29450562470626
150,150,-3.46,-75.75192825581445
151,151,-41.92,-2335.1587728254644
152,152,-9.12,-545.9215670020469
153,153,-8.86,-74.27655680240167
154,154,-2756.74,-607.1527715269568
155,155,-56.1,-170.60399272597064
156,156,-7.46,-64.66924303703253
157,157,-9.6,-74.27655680240167
158,158,-4.6,-81.37076359211699
159,159,-4.31,-67.1221422995483
160,160,-2086.43,-589.3597772132217
161,161,-2741.44,-1558.8207345623025
162,162,-61.3,-161.45361775291082
163,163,-8.08,-69.14165060069558
164,164,-19.26,-148.7941374198897
165,165,-15.94,-69.46388150440951
166,166,-20.53,-96.4825227457123
167,167,-50.95,-69.46388150440951
168,168,-1.77,-59.90199668767075
169,169,-70.02,-272.5471983441804
170,170,-1.65,-49.01559798400346
171,171,-1482.57,-2335.1587728254644
172,172,-8.2,-58.83360439635633
0,0,-1.29,-48.15565666862109
1,1,-2.56,-76.93899533275909
2,2,-170.32,-86.60009562743383
3,3,-3.73,-117.73973889929135
4,4,-165.39,-262.89781233877704
5,5,-3.19,-49.667519705668816
6,6,-42.31,-218.97775229985157
7,7,-2675.86,-2327.4959276717923
8,8,-14.63,-182.9551684522004
9,9,-1.64,-172.8863874682752
10,10,-47.16,-1055.2090352262933
11,11,-2.02,-48.09045681766258
12,12,-1.27,-47.74209864749341
13,13,-21.45,-75.82672683396788
14,14,-26.32,-45.44052728674641
15,15,-6.86,-56.48447446074402
16,16,-8.33,-142.18789362397035
17,17,-11.18,-137.83960987021177
18,18,-6.41,-50.461751090842846
19,19,-42.03,-55.19953047243773
20,20,-3631.26,-362.0241381883055
21,21,-3840.88,-3728.854331841414
22,22,-12.66,-58.435252170118986
23,23,-31.44,-259.33583571139724
24,24,-28.09,-85.9408724864555
25,25,-1806.3,-1958.6028074424653
26,26,-7.12,-44.39011335755243
27,27,-1.77,-54.34569151717191
28,28,-1.45,-57.33560484056344
29,29,-70.85,-60.190517517851454
30,30,-7.65,-58.435252170118986
31,31,-326.59,-198.31175237137563
32,32,-14.69,-60.11018039643039
33,33,-115.73,-70.61765735892993
34,34,-1.31,-56.9215324943862
35,35,-3.77,-57.10453732336957
36,36,-46.59,-85.82202333120627
37,37,-70.02,-351.33975478311146
38,38,-9.31,-50.461751090842846
39,39,-5.6,-62.408500688496645
40,40,-2.5,-52.52304372119193
41,41,-34.83,-105.29984441523416
42,42,-3114.61,-2704.7501192482523
43,43,-43.87,-142.58584266096395
44,44,-4.16,-142.09498998011912
45,45,-4.97,-61.02560599944126
46,46,-3.07,-132.83475652446108
47,47,-20.56,-88.4393744563634
48,48,-3.16,-53.7834502716192
49,49,-7.48,-96.02981053419784
50,50,-40.96,-70.4018461215246
51,51,-14.81,-71.54716030748732
52,52,-4007.87,-3607.2766398974536
53,53,-2.7,-59.585726762874586
54,54,-3.28,-1442.443975321989
55,55,-1.97,-41.70181898307147
56,56,-4.81,-148.6321820854991
57,57,-6.67,-58.201574226755845
58,58,-5.72,-53.72959567473221
59,59,-3555.34,-362.0241381883055
60,60,-53.32,-142.77975053589245
61,61,-1.58,-40.45603742289978
62,62,-58.23,-227.750534822141
63,63,-8.92,-286.2848625965004
64,64,-8.86,-53.15846179988587
65,65,-3.01,-62.55165858350277
66,66,-13.09,-147.93229518509085
67,67,-9.31,-56.22012077808629
68,68,-3.21,-150.28237921643012
69,69,-0.68,-35.03351258713246
70,70,-47.48,-1442.443975321989
71,71,-436.09,-301.4996281537184
72,72,-23.85,-182.9551684522004
73,73,-95.54,-136.8268003214533
74,74,-41.92,-1818.2243980465123
75,75,-9.01,-46.985467131732726
76,76,-8.6,-96.02981053419784
77,77,-93.27,-136.8268003214533
78,78,-16.97,-224.10312485346176
79,79,-32.54,-85.82202333120627
80,80,-39.09,-109.56434575487478
81,81,-127.36,-351.33975478311146
82,82,-2.85,-188.6430195196791
83,83,-128.32,-262.89781233877704
84,84,-1841.16,-1892.425550387285
85,85,-29.12,-1644.5107173839042
86,86,-3.73,-47.31965137842057
87,87,-4.84,-53.72959567473221
88,88,-28.74,-76.6542307186211
89,89,-42.8,-147.93229518509085
90,90,-2756.74,-3341.6796190422865
91,91,-27.46,-70.61765735892993
92,92,-2.89,-56.46020701945008
93,93,-21.63,-70.41370786711717
94,94,-17.09,-70.26811864650857
95,95,-7.06,-56.76307446983216
96,96,-1.16,-40.45603742289978
97,97,-75.22,-140.57503228348529
98,98,-37.43,-261.7204248836707
99,99,-38.08,-221.75770519424293
100,100,-469.44,-198.31175237137563
101,101,-18.49,-75.82672683396788
102,102,-4.6,-137.83960987021177
103,103,-0.73,-51.9450827692515
104,104,-2785.54,-1237.5208064524572
105,105,-48.64,-191.96761869194464
106,106,-3049.36,-1635.7771251720417
107,107,-33.64,-1818.779893489841
108,108,-47.58,-102.32520295366332
109,109,-36.16,-137.83960987021177
110,110,-1740.84,-1795.5983072876006
111,111,-0.52,-51.9450827692515
112,112,-1.55,-55.2480200399229
113,113,-8.15,-47.80342439325593
114,114,-139.47,-128.0410716772967
115,115,-132.92,-140.57503228348529
116,116,-5.14,-100.83173953651396
117,117,-2.86,-40.351078919747735
118,118,-9.91,-58.201574226755845
119,119,-17.53,-711.6795724871583
120,120,-22.66,-98.69706729268852
121,121,-2236.81,-3331.859690124833
122,122,-3.51,-58.887164588290126
123,123,-2610.28,-141.91898318789637
124,124,-10.64,-52.82317545353522
125,125,-1185.05,-1055.2090352262933
126,126,-3685.4,-362.0241381883055
127,127,-6.06,-52.15797789985095
128,128,-1.38,-61.46410769767242
129,129,-13.78,-286.2848625965004
130,130,-11.88,-72.22989073007473
131,131,-38.07,-152.87009318314668
132,132,-10.47,-53.15846179988587
133,133,-2.95,-53.7834502716192
134,134,-5.69,-65.83271243295367
135,135,-6.06,-62.34510261270946
136,136,-20.32,-150.28237921643012
137,137,-33.33,-103.71385174464234
138,138,-76.63,-152.31596133888615
139,139,-6.16,-53.485693712592166
140,140,-3.26,-58.48403234670448
141,141,-1939.15,-1710.5995041443737
142,142,-73.45,-182.9551684522004
143,143,-4.81,-191.96761869194464
144,144,-53.44,-142.58584266096395
145,145,-4001.81,-3607.2766398974536
146,146,-8.93,-50.6813735114643
147,147,-3.79,-88.52151359987627
148,148,-74.17,-89.48313939548036
149,149,-3564.45,-1635.7771251720417
150,150,-58.67,-1644.5107173839042
151,151,-173.48,-301.4996281537184
152,152,-9.98,-73.0723660798358
153,153,-11.46,-58.683245087145465
154,154,-25.16,-55.19953047243773
155,155,-1890.34,-162.0268881674766
156,156,-20.06,-146.18003067208062
157,157,-15.34,-77.12740732429393
158,158,-19.66,-80.97062492158385
159,159,-12.27,-55.43749186458486
160,160,-56.28,-85.82202333120627
161,161,-3.66,-39.44300274077708
162,162,-7.34,-59.723066729435146
163,163,-167.92,-86.60009562743383
164,164,-7.86,-79.21316893431799
165,165,-9.44,-56.22012077808629
166,166,-1752.9,-146.18003067208062
167,167,-2.37,-70.41370786711717
168,168,-19.2,-378.6760276373682
169,169,-0.37,-44.32728105348605
170,170,-2.85,-52.52304372119193
171,171,-4.01,-39.44300274077708
172,172,-11.67,-106.540938524081
0,0,-4.26,-68.08091419157165
1,1,-2.89,-106.16540010107406
2,2,-57.78,-313.498348474832
3,3,-42.31,-223.1745679669048
4,4,-1.29,-61.22132775550919
5,5,-3.04,-50.02719638825418
6,6,-7.22,-67.23286099211195
7,7,-1.45,-72.99183723314654
8,8,-3.79,-135.2518708226799
9,9,-2199.18,-425.3018160092224
10,10,-2.15,-62.19801499930046
11,11,-74.17,-373.98619880761134
12,12,-2.85,-79.11261844992643
13,13,-1.22,-55.46023708585015
14,14,-88.82,-126.02725122473213
15,15,-43.87,-168.22858079888272
16,16,-260.35,-187.44955224991452
17,17,-9.4,-100.06411162007348
18,18,-132.3,-470.65572418448346
19,19,-31.64,-115.19519252294778
20,20,-1.01,-49.1945404298785
21,21,-1.31,-77.84857372524488
22,22,-2.28,-147.44009443147075
23,23,-3.73,-131.5657862341946
24,24,-8.2,-66.15516517598712
25,25,-209.54,-259.99263856056905
26,26,-3971.85,-3049.072352159256
27,27,-50.95,-76.75905876688148
28,28,-10.54,-67.81443933770124
29,29,-3855.6,-3419.589687438838
30,30,-1842.39,-1535.8318559967702
31,31,-2675.86,-2769.999047596198
32,32,-3.65,-157.52866474251817
33,33,-4.24,-56.15141442395388
34,34,-1.15,-61.22132775550919
35,35,-35.0,-145.84444307940998
36,36,-20.44,-114.16325431073298
37,37,-2.7,-53.46128076839797
38,38,-9.42,-66.383300480115
39,39,-25.35,-168.59467650490072
40,40,-9.38,-74.8596265187081
41,41,-170.32,-193.6286228476357
42,42,-5.01,-75.9001124878261
43,43,-8.93,-135.14428618408476
44,44,-7.19,-149.0103752773224
45,45,-3.99,-72.73837353903173
46,46,-2.41,-56.15141442395388
47,47,-3631.26,-3528.8367032554
48,48,-82.29,-148.60783288410022
49,49,-2965.18,-2822.85651827234
50,50,-1.64,-69.71132602807445
51,51,-88.98,-127.67172058289066
52,52,-26.77,-151.34321743023807
53,53,-3.32,-56.83305461427743
54,54,-4.03,-75.82302773566065
55,55,-42.78,-248.97550384100816
56,56,-13.61,-168.98248865584017
57,57,-7.1,-76.1058713929917
58,58,-39.93,-185.49248032079385
59,59,-1.17,-66.14432739288927
60,60,-42.03,-102.3991022494574
61,61,-3.28,-427.81143781272726
62,62,-16.74,-113.72822469088982
63,63,-4.7,-121.48378054687971
64,64,-5.17,-90.94403823009009
65,65,-75.22,-214.73291973331928
66,66,-57.26,-240.14502713597352
67,67,-42.76,-305.6083000503546
68,68,-17.87,-67.23286099211195
69,69,-30.43,-115.19519252294778
70,70,-4.86,-75.82302773566065
71,71,-38.66,-270.0354894512107
72,72,-2328.29,-2781.0264481104023
73,73,-43.36,-167.94318976183322
74,74,-4007.87,-3049.072352159256
75,75,-0.77,-53.393496331028174
76,76,-4.29,-135.14428618408476
77,77,-49.41,-104.47453443020947
78,78,-22.89,-185.37725146027503
79,79,-27.73,-160.0084753840856
80,80,-5.13,-135.6194164754533
81,81,-3048.94,-2822.85651827234
82,82,-14.92,-113.08237102058048
83,83,-4.29,-68.08091419157165
84,84,-10.77,-182.80826543118195
85,85,-93.9,-148.60783288410022
86,86,-35.76,-114.5958438247203
87,87,-1542.53,-1535.8318559967702
88,88,-5.01,-66.52901188935112
89,89,-3.66,-79.10791602853422
90,90,-1.54,-67.34450655097137
91,91,-7.84,-67.81443933770124
92,92,-3827.24,-2603.8554727035707
93,93,-8.65,-113.62600074503167
94,94,-1739.12,-1499.6006969651298
95,95,-1482.57,-209.02680293328905
96,96,-19.66,-160.0084753840856
97,97,-1.98,-57.02207587582625
98,98,-33.64,-1886.75254120044
99,99,-2.74,-62.420007234053415
100,100,-6.95,-73.05709523595176
101,101,-18.49,-132.99999190621676
102,102,-4.81,-1055.285990283572
103,103,-7.5,-80.14181766078784
104,104,-1622.5,-1803.108016993587
105,105,-45.06,-270.0354894512107
106,106,-8.59,-73.05709523595176
107,107,-58.05,-168.98248865584017
108,108,-0.36,-55.63686962001658
109,109,-7.48,-120.2794496547318
110,110,-4.28,-113.62600074503167
111,111,-9.84,-67.23286099211195
112,112,-12.94,-1055.285990283572
113,113,-48.64,-126.02725122473213
114,114,-2236.81,-2603.8554727035707
115,115,-0.81,-48.26576318809312
116,116,-347.97,-187.44955224991452
117,117,-2.71,-62.70287891644917
118,118,-230.42,-283.40741170010625
119,119,-49.18,-279.89950217011403
120,120,-10.47,-86.57567301806932
121,121,-6.68,-127.44050045422613
122,122,-17.09,-191.292723097435
123,123,-79.25,-136.67424637922147
124,124,-15.66,-135.01294463715422
125,125,-7.5,-105.71238552699552
126,126,-70.85,-149.59044613747358
127,127,-4.79,-80.14181766078784
128,128,-3.19,-62.19801499930046
129,129,-2.21,-124.12770259729744
130,130,-13.61,-158.29500795397632
131,131,-2.02,-69.71132602807445
132,132,-31.86,-121.5109474429896
133,133,-3657.26,-425.3018160092224
134,134,-8.09,-76.1058713929917
135,135,-19.51,-160.84712911316765
136,136,-2.02,-82.73818886296866
137,137,-61.3,-175.23402006232138
138,138,-1918.37,-1499.6006969651298
139,139,-5.64,-83.38598005766258
140,140,-5.81,-143.5217327704726
141,141,-17.66,-131.98744108252976
142,142,-5.71,-121.31373250483348
143,143,-2196.81,-425.3018160092224
144,144,-2.54,-79.11261844992643
145,145,-203.87,-390.790677327599
146,146,-8.08,-80.04003924341325
147,147,-21.63,-70.57930692176271
148,148,-2.89,-55.64882485883244
149,149,-8.0,-144.01133751376224
150,150,-15.94,-76.75905876688148
151,151,-1.4,-51.615303744149
152,152,-1.39,-64.52856632808506
153,153,-6.74,-66.7322118793803
154,154,-42.42,-171.69985768985455
155,155,-35.1,-474.5021280858831
156,156,-37.43,-145.84444307940998
157,157,-22.17,-111.18275329273604
158,158,-10.78,-168.59467650490072
159,159,-11.61,-84.76505497796533
160,160,-2738.74,-209.02680293328905
161,161,-3.3,-79.75074425631125
162,162,-2.54,-88.93619427891645
163,163,-1185.05,-361.3190828525085
164,164,-7.29,-144.50621196022615
165,165,-1.21,-77.84857372524488
166,166,-24.54,-373.98619880761134
167,167,-45.05,-270.0354894512107
168,168,-25.63,-191.292723097435
169,169,-333.94,-187.44955224991452
170,170,-6.33,-73.05709523595176
171,171,-34.83,-183.44730636844983
172,172,-6.63,-102.21093816751733
0,0,-25.35,-44.88288308531854
1,1,-3.28,-1435.573177797276
2,2,-2.58,-46.038642583161305
3,3,-49.41,-89.77891909518743
4,4,-9.11,-98.24138798903728
5,5,-9.84,-45.13095335843426
6,6,-2.86,-39.2110953590617
7,7,-42.31,-195.10222698068856
8,8,-16.39,-98.24138798903728
9,9,-2.8,-32.81852744007944
10,10,-31.19,-151.96263108888388
11,11,-35.91,-91.70460735793182
12,12,-4.81,-150.3677031371358
13,13,-47.48,-1435.573177797276
14,14,-2.51,-39.49775013702836
15,15,-22.07,-122.35363466912187
16,16,-3555.34,-3314.845448017073
17,17,-8.47,-79.27649415574854
18,18,-1.15,-28.54498114619016
19,19,-5.02,-36.95372016941323
20,20,-45.06,-127.16106548467974
21,21,-7.84,-36.66906563303432
22,22,-0.61,-28.56003371838312
23,23,-1941.4,-3136.721587020691
24,24,-5.01,-37.46046174189414
25,25,-6.74,-36.95372016941323
26,26,-18.67,-44.88288308531854
27,27,-23.85,-179.87186454287948
28,28,-0.87,-30.74145996006041
29,29,-17.87,-45.13095335843426
30,30,-70.02,-700.8156141718852
31,31,-6.7,-43.19786116013141
32,32,-5.86,-40.33236139424094
33,33,-8.56,-137.1157461434798
34,34,-6.16,-43.19786116013141
35,35,-4.97,-52.35782089654004
36,36,-4.84,-147.54302251550814
37,37,-8.97,-136.15943041123566
38,38,-3.59,-66.7316881156214
39,39,-37.03,-110.27747499870348
40,40,-1590.24,-1680.3342455379338
41,41,-2.5,-35.121896653802345
42,42,-3890.98,-3318.006354457997
43,43,-52.27,-95.7197308991658
44,44,-59.89,-131.25962073935332
45,45,-29.32,-212.69619950053809
46,46,-1.16,-28.796076388998685
47,47,-47.19,-40.30708112401941
48,48,-110.45,-104.6392038574961
49,49,-1.54,-36.06950886325141
50,50,-4.81,-180.2151467992405
51,51,-29.48,-170.19394288981945
52,52,-5.38,-131.62573083733503
53,53,-1776.15,-1812.807812405092
54,54,-2.16,-151.64442075495475
55,55,-10.77,-138.82959377098788
56,56,-7.48,-117.9396771375726
57,57,-1542.53,-1812.807812405092
58,58,-1713.76,-1941.661268054281
59,59,-3.6,-144.97073543745117
60,60,-991.01,-74.39800677531376
61,61,-2965.18,-2963.251251002774
62,62,-10.36,-52.137059659036815
63,63,-47.08,-221.37582802102983
64,64,-82.29,-133.17410615688743
65,65,-2.71,-39.52464358255982
66,66,-17.09,-147.51919771772754
67,67,-77.62,-115.97742048583308
68,68,-8.66,-101.34441837208776
69,69,-4.78,-117.07944864100236
70,70,-22.83,-165.1988867349827
71,71,-22.89,-225.1318652858645
72,72,-1740.84,-1941.661268054281
73,73,-53.44,-118.51480435811789
74,74,-1.3,-77.5995695902622
75,75,-4.15,-137.7205563032253
76,76,-55.84,-118.42801589695068
77,77,-669.87,-700.7901916302983
78,78,-5.6,-32.77178522683106
79,79,-10.77,-163.29048486587686
80,80,-29.64,-240.42459823434228
81,81,-6.18,-50.22753175761554
82,82,-5.01,-49.49777130087098
83,83,-1.8,-138.23266718784865
84,84,-1.39,-39.60012818444204
85,85,-694.32,-700.7901916302983
86,86,-73.45,-179.87186454287948
87,87,-43.87,-118.51480435811789
88,88,-1.38,-150.0344517938323
89,89,-45.43,-187.675093398665
90,90,-4.87,-32.77178522683106
91,91,-2.07,-39.49775013702836
92,92,-2.31,-39.6376886128013
93,93,-4.93,-102.72929497879744
94,94,-6.33,-38.40146973894975
95,95,-28.74,-144.28856151561365
96,96,-1821.88,-1473.567226998554
97,97,-1.64,-38.867606627000825
98,98,-33.5,-225.1318652858645
99,99,-3.26,-32.25886550207874
100,100,-2.76,-39.2110953590617
101,101,-42.78,-144.92011681559177
102,102,-2.85,-46.40638563448084
103,103,-33.77,-75.92885635896943
104,104,-15.99,-64.69353829550585
105,105,-5.77,-104.45774157195696
106,106,-12.93,-144.28856151561365
107,107,-11.46,-49.49777130087098
108,108,-5.71,-137.7205563032253
109,109,-2.89,-39.33413521974136
110,110,-1138.3,-337.06280440405675
111,111,-3.35,-40.11644797883094
112,112,-57.26,-206.364417346888
113,113,-9.44,-40.14983469302024
114,114,-9.42,-40.14983469302024
115,115,-3.07,-95.7197308991658
116,116,-2738.74,-340.17215824324734
117,117,-2727.43,-289.6835836645968
118,118,-2.71,-2260.2677960148017
119,119,-1.23,-109.35126592371589
120,120,-11.88,-125.74631992605566
121,121,-3601.52,-3505.8188486845947
122,122,-24.46,-147.51919771772754
123,123,-15.72,-98.28018801236712
124,124,-114.34,-700.8156141718852
125,125,-6.06,-48.86150075446215
126,126,-46.59,-186.07639964978355
127,127,-8.68,-136.15943041123566
128,128,-1.78,-147.42791951006038
129,129,-1953.6,-1742.4312718053884
130,130,-11.29,-54.09582516707918
131,131,-3.51,-42.93290291179255
132,132,-139.47,-118.42801589695068
133,133,-9.31,-47.9037224591377
134,134,-26.52,-82.00598624901768
135,135,-3.91,-52.35782089654004
136,136,-3.66,-35.33590464807537
137,137,-11.55,-48.58342807203351
138,138,-3824.62,-3318.006354457997
139,139,-19.66,-140.44066662647143
140,140,-7.12,-50.22753175761554
141,141,-1.45,-37.9974130766381
142,142,-2.85,-123.14428547010016
143,143,-2.39,-46.038642583161305
144,144,-4.62,-37.9974130766381
145,145,-35.0,-165.1988867349827
146,146,-1.67,-91.11966430429854
147,147,-5.64,-52.92752847888197
148,148,-1806.3,-1559.3064977647975
149,149,-4.99,-40.866540723786976
150,150,-3.11,-52.92752847888197
151,151,-3631.26,-3314.845448017073
152,152,-2420.28,-2991.853445056135
153,153,-2719.07,-3984.4632504216615
154,154,-3.18,-171.5743168875115
155,155,-2756.74,-3984.4632504216615
156,156,-7.45,-137.1157461434798
157,157,-2.07,-87.67452327441319
158,158,-1.63,-87.67452327441319
159,159,-0.99,-29.185037817145307
160,160,-3.76,-35.25016226401673
161,161,-20.56,-89.77891909518743
162,162,-2.98,-151.64442075495475
163,163,-15.94,-65.35828551159027
164,164,-2741.44,-1559.3064977647975
165,165,-326.59,-407.6033773347317
166,166,-38.07,-199.2068924168011
167,167,-9.31,-40.14983469302024
168,168,-17.33,-68.32238040893827
169,169,-91.47,-222.25900823806305
170,170,-4.09,-37.46046174189414
171,171,-13.59,-211.6461519552305
172,172,-65.41,-61.05285201104905
0,0,-3.91,-46.38503549388762
1,1,-56.1,-127.08560442883224
2,2,-4.99,-51.49089352351386
3,3,-669.87,-651.0239528877158
4,4,-3.41,-30.65243642991649
5,5,-8.15,-36.94160946153886
6,6,-1.23,-60.881496012177465
7,7,-10.77,-92.86420455452168
8,8,-2.13,-44.19338409093395
9,9,-3263.52,-2769.7640980642427
10,10,-3657.26,-2297.700056483434
11,11,-54.61,-91.7300697824671
12,12,-12.93,-100.9065518127329
13,13,-5.53,-105.34212005588856
14,14,-3048.94,-2769.7640980642427
15,15,-37.43,-112.1103470423241
16,16,-37.03,-127.9311668745264
17,17,-1.31,-60.881496012177465
18,18,-167.92,-117.67793808036694
19,19,-3462.55,-4220.359103544313
20,20,-7.34,-47.00849838255262
21,21,-3631.26,-3620.284657054168
22,22,-0.68,-29.601937525020134
23,23,-93.9,-114.90053429779816
24,24,-1.29,-129.70639394888877
25,25,-4.31,-66.78193803382416
26,26,-2.41,-66.18037640393528
27,27,-2.8,-35.620975578615
28,28,-3019.19,-2568.3185435706723
29,29,-42.42,-127.61737912220836
30,30,-2.66,-46.74574608553747
31,31,-9.45,-93.62536000479577
32,32,-5.14,-44.38618185610454
33,33,-30.43,-92.11642617085953
34,34,-2260.74,-1606.7386842122546
35,35,-29.48,-507.49091131840106
36,36,-4.09,-39.61530202250499
37,37,-1.4,-35.634846568966445
38,38,-16.93,-62.865472542039214
39,39,-3.97,-92.99774371972696
40,40,-38.66,-117.86281665608776
41,41,-47.58,-137.9842524505291
42,42,-5.81,-105.34212005588856
43,43,-1542.53,-1968.4527481062764
44,44,-5.71,-77.08435235582238
45,45,-4.62,-42.29251873545843
46,46,-5.86,-44.63297639507863
47,47,-77.62,-104.06124458128342
48,48,-3.59,-55.04981991864233
49,49,-38.07,-133.47388236774609
50,50,-3.43,-42.87834880126
51,51,-57.26,-193.21827126163527
52,52,-19.2,-3057.1236383128225
53,53,-45.06,-117.86281665608776
54,54,-15.8,-39.32213688758208
55,55,-3.16,-32.508466240872345
56,56,-41.12,-183.0678213318587
57,57,-40.96,-57.02255890283281
58,58,-4.7,-82.87562707254787
59,59,-13.69,-125.61868254202902
60,60,-2.51,-37.03377914727911
61,61,-12.45,-121.29377277576114
62,62,-1788.7,-2749.5597476625358
63,63,-3.78,-50.829045576620445
64,64,-31.41,-507.49091131840106
65,65,-1.8,-92.47761510936589
66,66,-694.32,-651.0239528877158
67,67,-3.26,-42.04061710733377
68,68,-57.78,-127.96719459841964
69,69,-14.69,-56.66278712184274
70,70,-3.46,-53.93504869413677
71,71,-230.42,-305.2021642591692
72,72,-4.3,-44.38893456423631
73,73,-13.97,-92.86420455452168
74,74,-3.47,-66.18037640393528
75,75,-26.32,-39.32213688758208
76,76,-2328.29,-2568.3185435706723
77,77,-19.66,-91.41047571280345
78,78,-2084.19,-1848.3916623079103
79,79,-2.89,-42.87834880126
80,80,-65.41,-61.31765835451775
81,81,-7.18,-107.12074480827609
82,82,-1671.03,-159.61235047979565
83,83,-7.86,-139.53634323992975
84,84,-31.19,-105.7388015657436
85,85,-23.47,-84.02194222595341
86,86,-21.22,-53.93504869413677
87,87,-1.67,-129.70639394888877
88,88,-0.61,-31.94355031526889
89,89,-10.88,-61.0333780419224
90,90,-4.79,-45.44171042844989
91,91,-0.71,-31.94355031526889
92,92,-469.44,-287.5999405032755
93,93,-21.29,-132.66099019063753
94,94,-11.46,-55.655564098832514
95,95,-1.98,-29.94569591517395
96,96,-3.94,-43.27293204485855
97,97,-93.27,-129.26932827422917
98,98,-2.07,-56.82235354984539
99,99,-22.8,-87.71832529505559
100,100,-4.24,-66.18037640393528
101,101,-9.98,-61.0333780419224
102,102,-23.78,-330.94944340990975
103,103,-31.86,-93.70144597538813
104,104,-1841.16,-1794.8233543505785
105,105,-26.52,-69.9355413704562
106,106,-8.82,-72.29594814171892
107,107,-1.97,-33.234221092133
108,108,-12.16,-79.77393094604612
109,109,-1138.3,-311.3698308862562
110,110,-19.4,-114.8426465444906
111,111,-24.5,-91.12095377286568
112,112,-5.69,-94.87667896153228
113,113,-347.97,-377.30676693452455
114,114,-139.47,-127.96719459841964
115,115,-51.65,-124.32964447324191
116,116,-0.5,-35.42826975116265
117,117,-4.29,-57.50391182196679
118,118,-1691.56,-3088.6789128092305
119,119,-1.22,-28.68212178010919
120,120,-46.77,-61.81618635598301
121,121,-3293.85,-2320.585763878738
122,122,-58.23,-193.21827126163527
123,123,-1.29,-30.53910104598017
124,124,-54.98,-111.98486487476396
125,125,-3.28,-386.2021897798239
126,126,-49.64,-91.7300697824671
127,127,-42.76,-219.81393727580968
128,128,-0.51,-40.6633240482638
129,129,-4007.87,-3967.68846321312
130,130,-2.08,-43.27293204485855
131,131,-47.19,-42.10693958364751
132,132,-11.55,-61.0333780419224
133,133,-33.71,-816.2742111871073
134,134,-6.18,-44.4743819123475
135,135,-3.35,-54.87427869420135
136,136,-7.46,-64.95465729657946
137,137,-170.32,-117.67793808036694
138,138,-13.24,-90.43064226854366
139,139,-0.52,-40.6633240482638
140,140,-2.02,-129.70639394888877
141,141,-33.13,-93.70144597538813
142,142,-1.16,-92.47761510936589
143,143,-73.38,-89.25836467820243
144,144,-13.61,-507.49091131840106
145,145,-64.33,-140.7904162109053
146,146,-2196.81,-2297.700056483434
147,147,-6.16,-47.9418003323171
148,148,-5.01,-55.655564098832514
149,149,-3.29,-50.829045576620445
150,150,-43.87,-122.66221188446708
151,151,-33.64,-1757.6981636927087
152,152,-33.18,-152.33061256760178
153,153,-10.77,-132.66099019063753
154,154,-20.06,-200.103065273932
155,155,-110.45,-134.6207600689608
156,156,-29.32,-130.14475679306076
157,157,-9.01,-28.194876832646514
158,158,-2738.74,-302.3235661549581
159,159,-29.9,-100.9065518127329
160,160,-10.77,-108.26396754237652
161,161,-24.29,-151.7304678000516
162,162,-9.63,-74.12150742841176
163,163,-1776.15,-1968.4527481062764
164,164,-10.71,-134.6207600689608
165,165,-1890.34,-119.9126563664206
166,166,-39.93,-143.08244347303457
167,167,-5.64,-44.45769298846267
168,168,-3.19,-29.01162092197214
169,169,-4.29,-34.75645280474018
170,170,-17.66,-104.90417234610676
171,171,-1.55,-28.68212178010919
172,172,-1806.3,-2749.5597476625394
0,0,-1.97,-91.0522292931791
1,1,-6.64,-109.3502329174408
2,2,-85.25,-147.242221599741
3,3,-9.74,-111.35422925559224
4,4,-4.81,-197.0652010080708
5,5,-47.16,-1076.477057428208
6,6,-2741.44,-1481.8715433396933
7,7,-48.59,-106.84349910818123
8,8,-3.28,-144.70683015461734
9,9,-49.41,-110.88190398972752
10,10,-13.78,-169.0606846945837
11,11,-1.98,-91.73375595679026
12,12,-1138.3,-1076.477057428208
13,13,-4.79,-96.56196298086776
14,14,-2718.25,-2166.14009245875
15,15,-1.23,-97.1587980180506
16,16,-18.39,-106.26847906390692
17,17,-3023.27,-2454.3393346806465
18,18,-67.87,-131.49355312021424
19,19,-3.66,-92.7163061993462
20,20,-5.6,-93.79513163535664
21,21,-16.97,-120.85847526078427
22,22,-3976.99,-3058.967850851957
23,23,-5.02,-95.39470522985756
24,24,-4007.87,-3778.080195991641
25,25,-10.57,-99.96270012581635
26,26,-3.43,-93.49360283551204
27,27,-20.44,-106.26847906390692
28,28,-9.42,-98.24555743139814
29,29,-12.89,-115.12694267223176
30,30,-165.39,-295.8843096394662
31,31,-33.71,-241.1345154475594
32,32,-16.41,-99.41636153989435
33,33,-1.58,-91.04248400852514
34,34,-2.7,-94.32419116415444
35,35,-39.93,-158.57870770861712
36,36,-6.06,-92.07697527199475
37,37,-2260.74,-250.395657257427
38,38,-33.33,-109.12529015230082
39,39,-3.46,-101.73509259203873
40,40,-3.26,-93.65183900066788
41,41,-7.5,-96.56196298086776
42,42,-12.93,-120.45317001260044
43,43,-2.15,-91.96643446499442
44,44,-19.99,-106.554118240887
45,45,-17.58,-120.85847526078427
46,46,-1542.53,-1766.428404948177
47,47,-6.74,-95.39470522985756
48,48,-31.64,-111.8997743928036
49,49,-1939.15,-1592.5918184891004
50,50,-8.0,-116.39438706672654
51,51,-3824.62,-3058.967850851957
52,52,-8.26,-101.7280280281777
53,53,-1.64,-93.59665259129228
54,54,-1.38,-112.1924022667972
55,55,-11.55,-100.14913223591056
56,56,-37.43,-127.4834812392453
57,57,-10.88,-100.14913223591056
58,58,-23.85,-148.55540576178382
59,59,-1.77,-94.34777249518926
60,60,-30.43,-111.8997743928036
61,61,-41.92,-1702.2400966553168
62,62,-1.3,-97.3373744811633
63,63,-7.45,-126.08206987971934
64,64,-1.39,-93.49356016132
65,65,-3.22,-97.93119937114956
66,66,-988.01,-250.395657257427
67,67,-23.47,-110.88190398972752
68,68,-36.16,-95.72512645242182
69,69,-43.22,-107.98087268758044
70,70,-8.6,-103.27786940719136
71,71,-7.37,-101.5091968111608
72,72,-1.67,-95.93103807466665
73,73,-31.41,-121.93320796086869
74,74,-3.59,-101.75603116324784
75,75,-51.65,-147.242221599741
76,76,-25.26,-124.30436102824444
77,77,-12.07,-100.34561808797054
78,78,-8.97,-106.10580309305968
79,79,-47.82,-164.82135612702072
80,80,-1.29,-90.7651886468181
81,81,-3664.98,-2656.7181482043834
82,82,-77.62,-160.3032083330978
83,83,-42.78,-149.5341893198686
84,84,-2.11,-93.59665259129228
85,85,-11.88,-105.0402647560541
86,86,-15.34,-114.28333523176788
87,87,-55.85,-151.92444885008072
88,88,-3.04,-92.35320576697256
89,89,-49.18,-134.10567477339788
90,90,-14.92,-105.20231551409968
91,91,-5.72,-93.67625377829692
92,92,-1806.3,-1481.8715433396933
93,93,-2236.81,-3013.03415930294
94,94,-6.45,-100.87606171410448
95,95,-2448.32,-2626.965957389202
96,96,-35.1,-285.88974382720846
97,97,-3263.52,-2526.5437056190776
98,98,-42.42,-143.5356576888849
99,99,-5.69,-109.3502329174408
100,100,-1175.43,-334.7111235556386
101,101,-37.03,-140.47319582489277
102,102,-2086.43,-166.67018851037614
103,103,-0.87,-91.06445408937444
104,104,-0.75,-97.3373744811633
105,105,-3.29,-97.9325056810566
106,106,-2.08,-94.34777249518926
107,107,-1.16,-104.48815674135096
108,108,-11.18,-95.72512645242182
109,109,-128.32,-295.8843096394662
110,110,-38.08,-239.83066581123575
111,111,-82.62,-106.84349910818123
112,112,-115.73,-116.39438706672654
113,113,-132.3,-449.40422400539774
114,114,-13.61,-139.76687453218554
115,115,-203.87,-341.5690678055721
116,116,-2.56,-104.48815674135096
117,117,-55.84,-212.34796587037405
118,118,-1691.56,-2780.575721544967
119,119,-2.95,-93.73085038631385
120,120,-1.78,-96.89297571604784
121,121,-4.81,-159.20240716161857
122,122,-3019.19,-2521.915118113205
123,123,-35.93,-122.4477796870326
124,124,-17.33,-114.2029261241831
125,125,-8.66,-116.6423037776764
126,126,-3.73,-133.156275748917
127,127,-5.01,-94.02304567427952
128,128,-5.69,-119.48852180255238
129,129,-15.8,-103.51591722351458
130,130,-8.65,-94.60950830557182
131,131,-3235.01,-2780.575721544967
132,132,-35.76,-106.0923057204117
133,133,-4.78,-104.00796150710153
134,134,-2.71,-91.30657669790696
135,135,-1.21,-97.1587980180506
136,136,-26.52,-119.95755969034867
137,137,-15.42,-107.06375520740154
138,138,-21.96,-96.450712406119
139,139,-40.96,-94.60950830557182
140,140,-41.22,-108.06391402786672
141,141,-5.14,-93.79513163535664
142,142,-9.31,-95.9696703390506
143,143,-1590.24,-1755.1114075684022
144,144,-2.66,-93.36996161602092
145,145,-2.07,-97.9325056810566
146,146,-9.12,-247.64818046119916
147,147,-8.09,-96.6862713707518
148,148,-22.07,-107.06375520740154
149,149,-2.76,-92.64158132508322
150,150,-1821.88,-250.395657257427
151,151,-57.78,-212.34796587037405
152,152,-7.1,-96.6862713707518
153,153,-3860.77,-3488.402101917529
154,154,-1575.97,-144.70683015461734
155,155,-82.29,-178.89417276868463
156,156,-1515.51,-241.1345154475594
157,157,-54.98,-142.90676233667267
158,158,-43.06,-113.7239717038731
159,159,-6.67,-99.84267409034317
160,160,-11.12,-1384.4988164743113
161,161,-2.21,-145.0492292490021
162,162,-38.69,-119.33084937611186
163,163,-260.35,-418.63198287681263
164,164,-52.27,-105.20231551409968
165,165,-10.77,-106.554118240887
166,166,-1531.16,-146.41392005053893
167,167,-9.54,-104.28399743665588
168,168,-4.62,-93.09360637774984
169,169,-29.51,-114.2029261241831
170,170,-9.6,-98.8614999581246
171,171,-22.8,-123.48646596954518
172,172,-5.59,-96.6826729970838
0,0,-8.93,-71.60318694413337
1,1,-8.56,-231.282555480792
2,2,-1806.3,-54.44722872096658
3,3,-11.18,-59.22758466256097
4,4,-4.87,-42.61328880912768
5,5,-24.5,-77.3811516143054
6,6,-1906.69,-1485.952151699614
7,7,-2236.81,-3351.4645058660726
8,8,-5.77,-155.67549882251353
9,9,-3.26,-45.26471715905596
10,10,-41.53,-404.1565595544577
11,11,-2.16,-123.21536318601242
12,12,-3.19,-39.91955865483755
13,13,-1.09,-39.47694250671988
14,14,-4.55,-101.74399973744688
15,15,-47.31,-136.40367911907242
16,16,-17.58,-135.87329633473303
17,17,-7.5,-83.97272477523765
18,18,-2.66,-45.26471715905596
19,19,-51.65,-145.14136560749822
20,20,-42.03,-71.06474924202459
21,21,-19.2,-186.3953294910794
22,22,-16.74,-142.0334043011757
23,23,-3.65,-155.67549882251353
24,24,-5.59,-49.85058114917049
25,25,-15.99,-70.6924830411073
26,26,-4.29,-71.60318694413337
27,27,-8.88,-58.60737964821074
28,28,-1.29,-99.81330793448728
29,29,-5.14,-138.07807449669411
30,30,-14.33,-54.106903563191295
31,31,-10.71,-164.03609586988637
32,32,-42.8,-142.75569387730735
33,33,-9.74,-128.53084013212987
34,34,-5.63,-124.56644156252356
35,35,-12.9,-54.78803913034923
36,36,-31.64,-70.08715346005815
37,37,-40.73,-71.67700297165334
38,38,-7.1,-48.84130985736952
39,39,-26.32,-53.27100487275633
40,40,-2.76,-44.51977971808304
41,41,-0.61,-39.88641535592149
42,42,-3631.26,-3370.7501081179216
43,43,-47.82,-404.1565595544577
44,44,-35.52,-220.82614677677284
45,45,-30.43,-70.08715346005815
46,46,-1.29,-39.79933308796269
47,47,-3860.77,-3534.925678568885
48,48,-43.87,-107.30285503352644
49,49,-35.81,-282.6516730771352
50,50,-8.97,-125.7702947730364
51,51,-15.72,-73.42132410932356
52,52,-8.86,-51.851678829248456
53,53,-173.76,-117.92857704427568
54,54,-5.86,-50.04649326656793
55,55,-21.52,-80.14116083303706
56,56,-35.1,-304.031944093037
57,57,-7.18,-111.83094223618336
58,58,-5.88,-53.25199691795781
59,59,-2.31,-49.26751513543982
60,60,-5.6,-53.34935813524558
61,61,-694.32,-712.2764085580513
62,62,-8.68,-125.7702947730364
63,63,-127.36,-531.3380088787366
64,64,-3.73,-53.31277885477392
65,65,-9.11,-111.83094223618336
66,66,-1.54,-44.52672049305774
67,67,-1413.77,-61.51777045541231
68,68,-3.97,-152.174420974497
69,69,-42.31,-404.1565595544577
70,70,-17.33,-77.3811516143054
71,71,-52.27,-92.83352621237346
72,72,-4.6,-59.22758466256097
73,73,-2741.44,-54.44722872096658
74,74,-114.34,-531.3380088787366
75,75,-7.5,-48.27802318398092
76,76,-5.3,-58.60737964821074
77,77,-49.41,-84.18788840540518
78,78,-98.57,-96.2229219388123
79,79,-2.58,-53.31277885477392
80,80,-48.59,-78.40538018292219
81,81,-2757.22,-2801.676111971786
82,82,-37.03,-97.81628666979331
83,83,-58.23,-207.0318503782815
84,84,-50.95,-57.45109660609354
85,85,-1.64,-46.83859994102768
86,86,-6.45,-54.78803913034924
87,87,-42.76,-61.51777045541231
88,88,-64.33,-100.60952197344666
89,89,-4.7,-115.1113533763298
90,90,-0.26,-50.19840058030437
91,91,-59.89,-145.14136560749822
92,92,-21.63,-53.99528738330484
93,93,-2228.76,-2288.111370511563
94,94,-6.18,-48.51953101788153
95,95,-9.84,-55.16185401297198
96,96,-2.07,-46.09241340252263
97,97,-3.81,-44.32344964789766
98,98,-1.77,-46.795019968811005
99,99,-1.32,-40.87556930544931
100,100,-47.58,-193.69963230171567
101,101,-4.01,-42.55104539171998
102,102,-3601.52,-3161.4236688025485
103,103,-38.07,-213.7419093731094
104,104,-1.64,-140.36798038012302
105,105,-1622.5,-1686.42878115772
106,106,-42.42,-175.54591397179885
107,107,-1752.9,-149.45963996480177
108,108,-30.01,-803.6091647554839
109,109,-11.55,-56.89237298676337
110,110,-6.63,-48.51953101788153
111,111,-10.88,-56.89237298676337
112,112,-1788.7,-54.44722872096658
113,113,-2.11,-46.83859994102768
114,114,-29.48,-162.2002352994437
115,115,-1542.53,-1762.31788087417
116,116,-48.64,-124.43446121511752
117,117,-2.15,-39.91955865483755
118,118,-0.99,-39.47694250671988
119,119,-1.15,-39.79933308796269
120,120,-36.16,-59.22758466256097
121,121,-8.26,-113.55111144338017
122,122,-14.81,-58.40844598920621
123,123,-4.79,-48.27802318398092
124,124,-1.78,-40.6165903574375
125,125,-6.67,-60.48607534868849
126,126,-6.16,-49.21240212230328
127,127,-1.45,-48.40783806715689
128,128,-2.89,-138.07807449669411
129,129,-42.78,-803.6091647554839
130,130,-13.12,-101.17007016211171
131,131,-18.67,-58.73006557127455
132,132,-8.09,-48.84130985736952
133,133,-1.16,-48.93637581057352
134,134,-8.94,-76.01534775385224
135,135,-23.85,-209.2007602922218
136,136,-19.64,-135.87329633473303
137,137,-16.54,-132.79380482720686
138,138,-4.62,-48.40783806715689
139,139,-15.64,-101.17007016211171
140,140,-0.75,-79.16503993499957
141,141,-9.45,-132.79380482720686
142,142,-139.47,-117.29878682167652
143,143,-12.16,-133.86250180117398
144,144,-1.01,-38.52506265259972
145,145,-1.17,-46.09241340252263
146,146,-5.13,-51.06496573734282
147,147,-45.43,-175.54591397179885
148,148,-10.47,-51.851678829248456
149,149,-8.82,-113.03255534190502
150,150,-54.03,-203.4986216043648
151,151,-50.32,-129.60267562385008
152,152,-74.17,-98.84272813424442
153,153,-5.0,-138.07807449669411
154,154,-3.76,-44.01492019248992
155,155,-15.57,-70.6924830411073
156,156,-16.39,-111.83094223618336
157,157,-7.65,-55.08605744042248
158,158,-2420.28,-2801.676111971786
159,159,-7.86,-231.282555480792
160,160,-33.33,-132.79380482720686
161,161,-2675.86,-2407.2116551626223
162,162,-3824.62,-3348.613135217148
163,163,-27.73,-117.6355691251849
164,164,-5.6,-42.61328880912768
165,165,-46.77,-46.79441486666522
166,166,-41.12,-803.6091647554839
167,167,-1841.16,-1777.4709864743554
168,168,-21.22,-81.20557677602997
169,169,-6.41,-53.25199691795781
170,170,-70.85,-125.08261222374011
171,171,-2.05,-46.574018726084034
172,172,-8.33,-134.30049882975814
0,0,-3.6,-100.37584263816257
1,1,-5.59,-25.47842237768396
2,2,-3263.52,-2685.5862549446983
3,3,-3631.26,-3365.219854923128
4,4,-3235.01,-1499.618807189849
5,5,-115.73,-43.04939399882517
6,6,-54.03,-147.34335218701375
7,7,-6.41,-29.361928149167756
8,8,-74.17,-125.74577732540811
9,9,-167.81,-286.3321129672311
10,10,-2.89,-23.80240445265972
11,11,-2.7,-28.177193148107666
12,12,-2.71,-36.40397119749336
13,13,-57.78,-114.45300117384237
14,14,-326.59,-192.0955563857241
15,15,-5.02,-49.5218482948722
16,16,-31.19,-84.47046476227735
17,17,-2.07,-26.77828641968341
18,18,-5.38,-210.9523612726512
19,19,-3.46,-45.53400294034542
20,20,-4.16,-89.27440920461018
21,21,-41.92,-1797.6944700625693
22,22,-1671.03,-157.61216962535605
23,23,-1.01,-14.429509139534185
24,24,-12.66,-35.944212206736
25,25,-6.68,-56.63118609016261
26,26,-0.68,-14.429509139534185
27,27,-3976.99,-3103.801482020945
28,28,-26.52,-63.32902221244957
29,29,-32.54,-125.95459631279746
30,30,-40.96,-43.2505094895108
31,31,-12.9,-56.63118609016261
32,32,-8.33,-176.65747352233848
33,33,-7.12,-30.342093019452584
34,34,-15.57,-69.31551675861934
35,35,-37.2,-115.93239161963204
36,36,-694.32,-622.0079228540945
37,37,-30.01,-225.85117235710496
38,38,-1941.4,-2969.5298678839386
39,39,-20.56,-68.50008389616835
40,40,-91.7,-161.96950809290257
41,41,-2936.54,-1499.618807189849
42,42,-15.34,-40.801228054241534
43,43,-28.74,-70.07176640355188
44,44,-4.6,-52.15908103351498
45,45,-33.13,-70.49372140345487
46,46,-0.77,-25.18696124249644
47,47,-7.5,-31.06594568252595
48,48,-40.73,-52.35689590725402
49,49,-15.64,-53.51487109897373
50,50,-11.29,-48.82022412514023
51,51,-1.8,-68.08928312523182
52,52,-38.07,-151.29932211793377
53,53,-469.44,-192.0955563857241
54,54,-8.92,-170.71473698011943
55,55,-5.13,-210.9523612726512
56,56,-95.54,-127.011781230243
57,57,-9.74,-75.62442940113351
58,58,-60.88,-303.2779653537438
59,59,-3.28,-116.69151407691928
60,60,-7.06,-53.078960491703256
61,61,-2.8,-23.86936597768076
62,62,-2.54,-29.27413644944481
63,63,-82.62,-53.02585325201862
64,64,-67.87,-115.93239161963204
65,65,-8.66,-57.94866925469001
66,66,-1575.97,-116.69151407691928
67,67,-5.57,-58.61885267016068
68,68,-1.63,-43.40563678408934
69,69,-21.52,-40.822985952450814
70,70,-29.32,-129.94022519253187
71,71,-4.79,-69.22711247088172
72,72,-17.09,-83.14391768685232
73,73,-9.11,-55.09961895665714
74,74,-1622.5,-1607.7079826226382
75,75,-2.08,-27.65187788046049
76,76,-5.3,-43.11263918830025
77,77,-56.28,-125.95459631279746
78,78,-436.09,-277.32680928211806
79,79,-8.15,-25.47842237768396
80,80,-3.53,-37.746702609985576
81,81,-10.88,-42.449725683765664
82,82,-1.97,-20.80108789992142
83,83,-1.09,-15.008803457605916
84,84,-11.67,-42.519146703765
85,85,-19.66,-73.96799946317262
86,86,-17.53,-703.1299364608021
87,87,-29.12,-412.311389774932
88,88,-5.14,-54.44801069490816
89,89,-1.16,-16.90774649225638
90,90,-61.3,-123.37440925277272
91,91,-65.41,-40.822985952450814
92,92,-70.02,-392.20866325820725
93,93,-1953.6,-1639.0575410419258
94,94,-4.26,-19.8922746673394
95,95,-29.63,-57.94866925469001
96,96,-19.4,-145.0881146605044
97,97,-260.35,-367.8487004671111
98,98,-1.54,-27.545297679522847
99,99,-12.16,-71.77959115521529
100,100,-3.79,-98.13030103075512
101,101,-24.54,-125.74577732540811
102,102,-2.95,-51.938408388747774
103,103,-1.27,-44.88342095466285
104,104,-19.51,-107.5405771404161
105,105,-1185.05,-266.0654377045853
106,106,-15.42,-42.51914708179087
107,107,-1.31,-45.51146854858014
108,108,-669.87,-622.0079228540945
109,109,-1.78,-39.32174806974883
110,110,-2610.28,-136.64725470498138
111,111,-1.25,-30.7643271551335
112,112,-8.93,-58.61885267016068
113,113,-16.93,-53.51487109897373
114,114,-10.47,-36.57566168661154
115,115,-25.26,-107.2193477163552
116,116,-11.46,-41.43537854267096
117,117,-2.2,-36.56573140348031
118,118,-8.56,-98.62736615933896
119,119,-3.56,-29.70886087233758
120,120,-78.34,-88.32900433369755
121,121,-2236.81,-3215.296729164674
122,122,-22.83,-364.2130110113383
123,123,-1.32,-20.80108789992142
124,124,-8.86,-36.57566168661154
125,125,-4001.81,-3559.734806612552
126,126,-26.32,-31.291644857073106
127,127,-0.73,-22.778074326908875
128,128,-4.13,-72.24944541824786
129,129,-3.21,-119.52239122041765
130,130,-5.6,-54.80460106388058
131,131,-8.2,-29.49817618026581
132,132,-3.14,-68.62908214676447
133,133,-13.24,-75.62442940113351
134,134,-128.32,-246.0486122929235
135,135,-4.77,-210.9523612726512
136,136,-42.76,-167.09789428554532
137,137,-10.77,-176.65747352233848
138,138,-20.06,-207.66138801657712
139,139,-0.87,-25.18696124249644
140,140,-0.86,-95.87197564436038
141,141,-5.29,-22.74192864764557
142,142,-97.9,-381.3055293004497
143,143,-12.45,-95.56975979107432
144,144,-1739.12,-1629.2085055663608
145,145,-1.65,-16.90774649225638
146,146,-8.6,-64.03110854525697
147,147,-4.01,-57.18312294667183
148,148,-22.07,-42.51914708179087
149,149,-1599.21,-3100.9588232260094
150,150,-4.84,-31.339475149332724
151,151,-2505.5,-100.70754645141083
152,152,-1.55,-16.444675211867516
153,153,-33.33,-75.02339376285393
154,154,-19.64,-119.8488715987983
155,155,-347.97,-367.8487004671111
156,156,-3890.98,-3103.801482020945
157,157,-1918.37,-1629.2085055663608
158,158,-35.76,-119.52239122041765
159,159,-10.1,-176.65747352233848
160,160,-8.82,-62.272607723586106
161,161,-3.22,-54.80460106388058
162,162,-0.37,-25.18696124249644
163,163,-7.84,-59.181639400821055
164,164,-1.94,-52.64203687481962
165,165,-20.44,-61.39328331896756
166,166,-2.39,-38.29886938416514
167,167,-3.51,-31.897598256834343
168,168,-5.69,-89.27440920461018
169,169,-50.95,-40.801228054241534
170,170,-3.47,-23.855899192305625
171,171,-11.61,-39.96707696456153
172,172,-42.7,-129.94022519253187
0,0,-1906.69,-906.7055921452684
1,1,-31.41,-186.41865509454752
2,2,-4.57,-128.50491868439937
3,3,-7.5,-91.7100708322691
4,4,-2.89,-99.42572881872982
5,5,-7.46,-115.31913951343157
6,6,-2328.29,-2726.8511304886897
7,7,-3855.6,-2848.5950179908305
8,8,-53.44,-158.0312712931209
9,9,-1.23,-92.78046519763876
10,10,-2.71,-2260.85753669745
11,11,-2.15,-75.70362713116631
12,12,-15.99,-159.12222103942355
13,13,-1939.15,-1735.1412535345503
14,14,-139.47,-182.3638343490045
15,15,-2.66,-90.15862368278351
16,16,-43.36,-138.71824513325856
17,17,-4.36,-239.87293010283307
18,18,-1590.24,-1647.238347667453
19,19,-3.43,-99.42572881872982
20,20,-3.7,-92.68725766451767
21,21,-1.55,-108.2319427862106
22,22,-1918.37,-1626.1095406035552
23,23,-5.78,-249.6995402701816
24,24,-10.78,-668.5407550675862
25,25,-4.28,-132.8305542750197
26,26,-3.46,-109.82668910642514
27,27,-33.33,-167.6127321823622
28,28,-3.56,-105.23402499157052
29,29,-0.5,-84.79018452589665
30,30,-12.89,-218.0568872532464
31,31,-2420.08,-108.53924581508652
32,32,-3.16,-79.17139014218681
33,33,-23.78,-281.3814516045887
34,34,-79.25,-176.25003765563758
35,35,-25.16,-94.74210672242376
36,36,-4.16,-113.0221739001199
37,37,-1482.57,-798.3787578248413
38,38,-14.12,-108.03727172507584
39,39,-4.87,-77.95073252146341
40,40,-5.6,-97.59365377346008
41,41,-4.78,-191.12006093500443
42,42,-240.66,-108.53924581508652
43,43,-2717.18,-2068.063781286584
44,44,-2741.44,-1590.2021969690118
45,45,-1.01,-69.15825848195641
46,46,-8.26,-477.15921521140586
47,47,-170.32,-126.55692074706438
48,48,-4.26,-81.62408775133096
49,49,-8.59,-97.67847231339243
50,50,-26.77,-231.03369104203517
51,51,-18.49,-108.67262405562714
52,52,-7.18,-100.21036170652351
53,53,-41.22,-195.9762011466552
54,54,-1.32,-82.0922428359234
55,55,-42.7,-224.02362513652267
56,56,-173.48,-444.1009006407568
57,57,-11.12,-1475.970643617312
58,58,-42.78,-112.31650194731304
59,59,-37.2,-397.0978146299087
60,60,-6.63,-84.30547128091283
61,61,-4.79,-136.90104357562612
62,62,-18.6,-370.06857681666094
63,63,-8.08,-101.35511380317196
64,64,-14.81,-141.30212470961823
65,65,-47.31,-216.6239586161056
66,66,-12.66,-111.53594941067516
67,67,-2719.07,-2668.423362595433
68,68,-3049.36,-3366.8936604048827
69,69,-3.73,-191.12006093500443
70,70,-9.4,-98.1553081192533
71,71,-65.41,-107.86434167613554
72,72,-3860.77,-3110.169758784012
73,73,-165.39,-250.9013132812393
74,74,-19.87,-123.4391781140818
75,75,-0.87,-85.03182706718904
76,76,-42.76,-123.4391781140818
77,77,-14.69,-108.03727172507584
78,78,-3976.99,-3258.3444610575866
79,79,-326.59,-356.14068984610867
80,80,-14.63,-239.2328021590613
81,81,-5.69,-474.29966529844097
82,82,-50.95,-102.37400523635544
83,83,-2965.18,-2674.775903398689
84,84,-2.21,-139.10470986695378
85,85,-10.47,-98.6038013170994
86,86,-1413.77,-123.4391781140818
87,87,-22.83,-394.7630863962154
88,88,-11.55,-116.60993595631814
89,89,-12.16,-98.1553081192533
90,90,-4.79,-91.7100708322691
91,91,-7.19,-135.10347203581324
92,92,-58.23,-319.9699378263091
93,93,-3019.19,-2726.8511304886897
94,94,-41.53,-436.265514637813
95,95,-127.36,-415.3561308630576
96,96,-2.51,-84.58115650028417
97,97,-11.88,-131.0513660815465
98,98,-161.32,-276.2185770977948
99,99,-6.39,-136.90104357562612
100,100,-333.94,-374.15249123798577
101,101,-45.06,-129.1626118642401
102,102,-7.1,-98.7159691496394
103,103,-15.34,-102.37400523635544
104,104,-5.53,-306.7604603766653
105,105,-3263.52,-2674.775903398689
106,106,-167.92,-126.55692074706438
107,107,-79.59,-547.1307091883566
108,108,-2.86,-77.21150029564289
109,109,-3.29,-105.20548516407462
110,110,-8.86,-98.6038013170994
111,111,-6.45,-83.80951138125644
112,112,-29.63,-87.36726856534928
113,113,-25.35,-668.5407550675862
114,114,-15.32,-115.31913951343157
115,115,-1.22,-76.33521132968355
116,116,-3.53,-90.15862368278351
117,117,-2.43,-77.3631783960204
118,118,-49.41,-124.35305765548324
119,119,-33.71,-533.4578598614013
120,120,-655.72,-734.6626086472286
121,121,-6.33,-97.67847231339243
122,122,-36.16,-97.586869601083
123,123,-7.84,-83.01880386434765
124,124,-2785.54,-906.7055921452684
125,125,-15.94,-102.37400523635544
126,126,-2.02,-97.65568312470378
127,127,-33.1,-149.48930983981893
128,128,-38.07,-235.22537285170588
129,129,-9.01,-75.87600747462317
130,130,-9.54,-136.90104357562612
131,131,-1671.03,-1475.970643617312
132,132,-4.13,-264.89326538884524
133,133,-0.51,-95.21141197970802
134,134,-1.15,-77.64983966618654
135,135,-18.67,-668.5407550675862
136,136,-0.77,-85.03182706718904
137,137,-2.8,-84.56005342320083
138,138,-2675.86,-2239.029543814436
139,139,-59.89,-176.06490558500914
140,140,-1.33,-71.03190851819198
141,141,-16.87,-218.0568872532464
142,142,-5.88,-97.8264685057594
143,143,-1.27,-76.33521132968355
144,144,-2420.28,-2457.660862655045
145,145,-2086.43,-2260.85753669745
146,146,-56.24,-128.4071113877027
147,147,-3631.26,-3565.6377774079256
148,148,-5.01,-85.20068630711424
149,149,-9.31,-96.98445561645369
150,150,-40.96,-132.8305542750197
151,151,-17.87,-92.41198058889958
152,152,-1515.51,-533.4578598614013
153,153,-15.57,-159.12222103942355
154,154,-13.09,-262.5733637427992
155,155,-1691.56,-2714.243586188996
156,156,-1599.21,-3366.8936604048827
157,157,-1531.16,-218.5767851626433
158,158,-11.29,-141.30212470961823
159,159,-47.08,-265.9061487112144
160,160,-6.14,-98.7159691496394
161,161,-45.43,-220.42160532478883
162,162,-5.71,-249.6995402701816
163,163,-4.29,-81.62408775133096
164,164,-6.06,-95.9776116908023
165,165,-5.69,-113.0221739001199
166,166,-2.86,-77.21150029564289
167,167,-6.68,-83.80951138125644
168,168,-22.3,-159.12222103942355
169,169,-82.28,-148.97644825414787
170,170,-991.01,-139.6778383124473
171,171,-8.65,-132.8305542750197
172,172,-2.5,-82.99806616458113
